r  Veff10 alpha10 ui10 utan10 cn10 ct10 Veff15 alpha15 ui15 utan15 cn15 ct15 Veff24 alpha24 ui24 utan24 cn24 ct24 
0.2896875 15.1624276747 39.0632568849  9.3412873593 11.9398861956 0.14512110223 -0.178805637208 18.6136092833 52.3452648912  14.5301793161 11.6299312662 0.165900463527 -0.128013219845 25.6630245296 64.7529523512  23.0138422881 11.3553721268 0.178897161269 -0.0843621104149
0.3215625 16.0997232484 32.9500076468  9.16545383857 13.2297980109 0.201129631811 -0.202814011578 19.0893018417 46.4929999087  14.239370008 12.7033342451 0.237690256866 -0.149816415444 25.4684705037 59.4359481223  22.3210950088 12.2637563422 0.258295833084 -0.102763796993
0.3534375 17.1239560816 25.6716134726  8.62163427027 14.7915811679 0.390941476853 -0.151909190444 19.5518189738 39.9282733505  13.694882724 13.9417213362 0.500776807711 -0.130781734867 25.3395434511 53.6190212292  21.5338638726 13.3554067363 0.547469268373 -0.088599438059
0.3853125 18.3609947423 18.3974502478  7.97864616583 16.5346157782 0.425916056651 -0.108360270547 20.2909381962 32.7956220131  13.0790913537 15.5058944784 0.460680603753 -0.15628747168 24.9713116285 47.2856648504  20.3682087029 14.445212553 0.545917261465 -0.110821235302
0.4171875 20.0387155393 11.0392475401  7.24504583604 18.6819782161 0.727604137531 0.0077638442817 21.6896228299 24.1101764515  12.2104264098 17.9219648191 0.7151261595 0.0408524182763 24.478838876 39.8251974456  18.7475333598 15.7383772264 0.846290572578 -0.0743910272853
0.4490625 21.2086485364 5.72537872753  6.79156122308 20.0907575248 0.825521610664 0.0614434535106 22.8797418581 17.0849760821  11.4516060891 19.8052254869 1.01768031702 0.206893909013 25.0721857286 34.1286729803  18.3619919059 17.0702444906 1.05915465321 -0.0284547623099
0.4809375 22.7149937768 3.30709826284  6.6952828556 21.7051862129 0.618425864242 0.0165717510488 24.2554659094 12.5998751396  10.7974167045 21.7174742612 1.04502468429 0.165553614395 25.7384800267 30.5694968266  18.0111156241 18.3852324893 0.987932321968 -0.0339033544473
0.5128125 24.4293660712 2.76456977803  6.81572850762 23.4588907182 0.567610785269 0.00831607140752 26.0972456215 10.3965167402  10.5438692965 23.8706060951 1.00303778991 0.140293133398 26.3940082897 28.6018142603  17.6737345222 19.6020839871 0.94270434696 -0.0366863930451
0.5446875 25.4740192447 2.8365015439  6.87559283094 24.5281727866 0.578830413869 0.00944761493481 26.7989105783 10.5230727163  10.6190603856 24.6034034872 1.0163908479 0.143460718766 27.6707749324 28.6818790059  18.3377865513 20.7207252471 0.958852235402 -0.0371501542117
0.5765625 26.774921037 2.85126089247  6.89625400685 25.8711524143 0.583579292128 0.00972647434463 27.9757786591 10.2246981302  10.614701402 25.8821642201 1.01873204179 0.140994905064 28.7796030495 28.2008682968  18.6059776042 21.9552257163 0.953474567101 -0.0379033097211
0.6084375 28.4388867839 2.63845878092  6.86324195978 27.5979599405 0.562975198134 0.00659603891644 29.8274375798 9.48155961416  10.5953071032 27.8806547069 1.01743584941 0.130998346559 30.0477677943 26.9630889829  18.618334791 23.5834180073 0.908342333512 -0.0369344266396
0.6403125 29.7697117853 2.62692786428  6.8011549716 28.9821075223 0.563554805142 0.00645503476558 31.0706822277 9.32262720191  10.5764398697 29.2138638172 1.02294665502 0.129257478593 31.6750580074 25.6957879041  18.7399461136 25.5354388197 0.908803830775 -0.0122539154195
0.6721875 30.7739251821 2.77227140691  6.72632706967 30.0295289212 0.581001243779 0.00863745318384 31.6999379325 9.60734664567  10.5607160659 29.8878932105 1.03204615606 0.134741266848 33.2245279222 24.5152792928  18.7551216737 27.4226161891 1.04721319041 0.178146252385
0.7040625 32.4739650161 2.62220969535  6.69000140377 31.7770906257 0.565270941644 0.00641504190164 33.6298549147 9.00258471749  10.5421268109 31.9337865507 1.02889883425 0.125005916467 35.2090168182 22.5664479614  18.5700406315 29.9124299118 1.10172542049 0.242464198922
0.7359375 33.4563378837 2.70310687738  6.60324968253 32.7979708354 0.575047306636 0.00762789726331 34.256058873 9.15493885153  10.4917380959 32.6089020047 1.0355631831 0.128085988516 36.2995405593 22.2416945473  18.6535823527 31.1386894992 1.106715657 0.242937268216
0.7678125 35.1816078137 2.61993947871  6.54968686981 34.5663060933 0.56623395222 0.00640122770468 36.2326770532 8.64158498399  10.4426311801 34.6944029571 1.02713065083 0.119612333621 38.088508407 21.0430245847  18.5541492594 33.2627774833 1.09882012278 0.237023989795
0.7996875 36.1554447678 2.72266737857  6.44545305494 35.5759952707 0.578096400827 0.00793160215923 36.8451178212 8.7935547777  10.3659147284 35.3560314077 1.03391967013 0.122501440389 38.8437295103 21.369267504  18.7822246564 33.9993919211 1.10835493057 0.240397664797
0.8315625 37.9102584999 2.69951499507  6.38227029018 37.3688985434 0.575811040141 0.00759182594401 38.8608142105 8.41553082969  10.32506854 37.4633734234 1.02442319139 0.116405012665 40.599374111 20.4772505464  18.7276326507 36.0209252757 1.10321157053 0.235312150534
0.8634375 39.2710709885 2.68980429143  6.30327028785 38.7616888693 0.574938223735 0.00745393429743 40.1899499931 8.30041368451  10.2982708182 38.8475030299 1.02163163744 0.114726300334 41.8677928648 20.1707305697  18.8232416732 37.396826342 1.10497236357 0.234126831406
0.8953125 40.2532432958 2.79023635324  6.22115442665 39.7693284375 0.586240215282 0.00896737971966 40.8511734516 8.5008621564  10.2983548666 39.5309770066 1.03028941398 0.118155683465 42.5958039844 20.4070405907  19.011545039 38.1162698876 1.10961393329 0.23629304821
0.9271875 41.6319434815 2.80283402222  6.16450977839 41.1727320994 0.587704384851 0.00915973619607 42.2036731043 8.42050716128  10.3050525039 40.9253888057 1.0283995093 0.116949679907 43.869382278 20.0085864638  19.0391420857 39.5211924066 1.10971650942 0.2342556014
0.9590625 42.9994952847 2.755034717  6.1108883151 42.5627816026 0.582447664642 0.00843567987987 43.536210155 8.2296311709  10.270442426 42.3067014004 1.02172574049 0.113944265619 45.1488031465 19.5100412542  19.0276700559 40.9420959979 1.10913582273 0.231496977309
0.9909375 44.388620495 2.71985570072  6.05338536799 43.973657678 0.578547779473 0.00790606904759 44.8941473247 7.99468524202  10.1852200228 43.7227546923 1.01228473067 0.110272737615 46.4231526457 18.9823762307  18.9567955743 42.3749807934 1.10993527912 0.229250977888
1.0228125 46.1817897237 2.62007745587  6.00719647489 45.7891668506 0.567326139502 0.00642164865282 46.994628936 7.54169805968  10.0880760718 45.8983250022 0.991595885483 0.102721038593 48.3822777751 18.2331484108  18.9722044619 44.5063237077 1.11771311957 0.228990193227
1.0546875 47.5916160122 2.55446538109  5.93542692616 47.2197692126 0.586508865664 0.00968318494399 48.3654930475 7.27587408685  9.96154902307 47.3277180506 1.03562388 0.109794638516 49.674406584 17.9125430735  19.0276054508 45.8847117652 1.09323504624 0.208462772778
1.0865625 48.5604832109 2.50275479616  5.80738056079 48.2117170844 0.580684470693 0.00891703762735 48.9797379217 7.20546684151  9.82472781473 47.9834573706 1.03092261009 0.108164751716 50.2178616005 17.6843509159  18.8530383572 46.5434877189 1.09628654806 0.208384152717
1.1184375 49.9415904704 2.43848570322  5.70562835313 49.6143030792 0.573380199435 0.00797522563351 50.3114655259 7.00871406123  9.71234222989 49.3641989857 1.01678945669 0.103478505791 51.4592871607 17.3997850378  18.8782432042 47.8702776939 1.0994830459 0.208141427504
1.1503125 51.7885394499 2.34949261474  5.61747566903 51.4826772138 0.599465279377 0.0122742827113 52.5079465847 6.63045361284  9.57617815954 51.626478043 1.0518417391 0.107244488867 53.4428834023 17.1573648083  19.1827526587 49.8806604922 1.06256932881 0.176579614879
1.1821875 53.1975972256 2.30663494852  5.50539990505 52.9116664344 0.594699802869 0.0116551140136 53.8583232253 6.49521385008  9.47164807255 53.0180126754 1.03848390049 0.103401085269 54.6821297189 16.9421904567  19.2178270671 51.1930243612 1.06431510154 0.175457115676
1.2140625 54.1372033356 2.30978947964  5.37611544898 53.8693269755 0.595055766515 0.0117004033966 54.4294161397 6.54136512022  9.3870229213 53.6128301168 1.04305533688 0.104701929292 55.3297994878 16.7701145112  19.0689805553 51.9389629932 1.06513376953 0.174420956254
1.2459375 55.5263649835 2.29686565135  5.2661478695 55.2757886665 0.609897943024 0.0140023862616 55.8131464771 6.46545352315  9.3183621076 55.0287572602 1.06274368554 0.10801105779 56.6197895594 16.5774818665  19.1078310256 53.2970790011 1.04828286164 0.158785243668
1.2778125 57.3877111887 2.29028560179  5.19660827392 57.1516734906 0.609176253195 0.013906494356 58.0206314088 6.2831910121  9.26499214729 57.275103377 1.04307082696 0.102599077041 58.5564526433 16.3418810468  19.3026517021 55.2827313743 1.04898722463 0.157186600691
1.3096875 58.3160138434 2.30446136131  5.10912703589 58.0915361286 0.610732090351 0.0141105002215 58.5908276742 6.33261179411  9.22076099742 57.8597519591 1.04827486361 0.104043329521 59.2600381858 16.0729965693  19.0926085549 56.0992459757 1.04900951181 0.155381388092
1.3415625 60.1912620144 2.28499523127  5.06118172905 59.9778683355 0.608595045624 0.0138304862807 60.7440329134 6.17093219611  9.19821064739 60.0426737107 1.03070553359 0.0993011011216 61.2049698055 15.8114823589  19.2684876387 58.0921709747 1.04841792899 0.153630995404
1.3734375 61.0976474895 2.29909630088  4.95068512916 60.8964954409 0.610142280828 0.0140328008985 61.3058354581 6.25641846335  9.17296076158 60.6148744427 1.03968909797 0.101769912157 61.9718066775 15.5975158843  19.0952067728 58.9556303158 1.04663868174 0.152288418899
1.4053125 62.4833638843 2.33550094138  4.86906944848 62.293141649 0.614137253806 0.0145601779236 62.7203695297 6.23416702487  9.12784250968 62.0519028907 1.03705019049 0.101098012278 63.3284956989 15.4457966954  19.1274687035 60.3699414872 1.04397988776 0.151186565027
1.4371875 63.9176884195 2.36362172978  4.77320375704 63.7389801969 0.617222091794 0.0149723413869 64.1546767617 6.1737245223  9.03160034655 63.5150718176 1.03027584127 0.099316000988 64.7116024691 15.2389433191  19.0907641218 61.830653012 1.04126462641 0.150009022677
1.4690625 65.7518677726 2.40417712153  4.74624683245 65.5800983757 0.621670033548 0.0155721197004 66.2940675293 6.10527213885  9.04371269718 65.6735750977 1.02257041615 0.0973094597223 66.7460451166 14.8820160072  19.0879910791 63.9575610725 1.03918605036 0.148744643807
1.5009375 66.6585401449 2.4134349298  4.66782281933 66.4946811711 0.605970059918 0.0154776040285 66.9214274805 6.10288393868  8.97231482393 66.3164853636 1.01134959569 0.0967887472187 67.5553591154 14.5956012547  18.8450165153 64.8726616583 1.0711835607 0.170170505858
1.5328125 68.6105745449 2.42143390834  4.65499297171 68.4522670459 0.60686165838 0.0155956232363 69.0063726777 6.04528041119  9.02415677083 68.4131735376 1.0046939799 0.0951066547379 69.6455447393 14.1856365008  18.7930053137 67.0613438798 1.07213186477 0.167856114547
1.5646875 69.5364931624 2.45168924324  4.59312335749 69.3844115797 0.610277723214 0.0160500301273 69.5600446768 6.11917943249  9.02507583338 68.9714891439 1.01153024111 0.0971094986211 70.4828583577 13.9411080836  18.5713033781 67.9912484823 1.07245818681 0.166138905088
1.5965625 71.3827445473 2.50296746075  4.61329456972 71.2333023026 0.596043878554 0.0165454977799 72.0038068696 5.9357268735  8.94751454528 71.4451568683 0.978922560954 0.0914192383342 72.5720530178 13.5762713467  18.5123387489 70.1704358183 1.10449262509 0.187628552311
1.6284375 72.3296299852 2.52476147981  4.53411405095 72.1871691493 0.59860112584 0.0168802513396 72.4299822719 6.04740456949  8.97342476845 71.8714156026 0.989207637184 0.0943997165071 73.3489882994 13.4303942572  18.3649849058 71.0117135545 1.09659275082 0.185000644347
1.6603125 73.678220593 2.56243853053  4.49606547564 73.540713178 0.603042835724 0.017465127526 73.9672438939 5.99237965661  8.92266800284 73.4265852727 0.981980617276 0.0927242659327 74.7859599959 13.2557681547  18.3354663514 72.5024885259 1.08827131195 0.182080210179
1.6921875 75.6867706648 2.5616576289  4.44200683039 75.5561040339 0.592767232894 0.0173066827513 76.2502970395 5.88152774775  8.87567229862 75.7314594608 0.962233283933 0.0892639732278 76.9768687085 12.9910673342  18.3538345877 74.7559888927 1.0823263511 0.187857414191
1.7240625 77.1312628361 2.57872425225  4.36208193704 77.0076243371 0.594795484041 0.017572755084 77.6087167841 5.88072254265  8.84481482194 77.1025753384 0.959860915578 0.0890304463424 78.4210946024 12.8875102935  18.3748026721 76.2372429327 1.06932908025 0.184623203337
1.7559375 78.0364536084 2.59659598834  4.23042112746 77.9215077396 0.596929535205 0.0178535754595 78.3502597945 5.92065470672  8.77660312204 77.8566376915 0.961066317675 0.089848689613 79.0885522721 12.8943296807  18.3359581624 76.932762534 1.05445705497 0.182116599474
1.7878125 79.7568138008 2.67734080135  4.22424533188 79.6446819429 0.606733347672 0.0191462019301 80.2357047199 5.91834958405  8.77266187379 79.7542351403 0.957375547352 0.0894652918572 81.2755554569 12.8466476329  18.5668227036 79.1255279201 1.03806774589 0.178849886249
1.8196875 80.8184983041 2.67936895287  4.0681903041 80.715844927 0.606902322484 0.0191767434941 81.1376913855 5.96460760355  8.72136241406 80.6671258129 0.957241243044 0.0902654195359 81.9468698485 12.8003304044  18.4431221954 79.8433259015 1.01999672589 0.175312499322
1.8515625 82.0935699472 2.72798380934  3.98333750936 81.9966832766 0.612728941926 0.0199674332824 82.4728229973 5.99988281003  8.69671143077 82.0125534795 0.954789627269 0.0906536534521 83.4128913723 12.7405192117  18.4713768478 81.340785076 0.999822056079 0.171310758982
1.8834375 83.3777297892 2.7672616788  3.88067632006 83.2871843058 0.617342200861 0.0206107261794 83.8887406522 6.01490672323  8.64543417922 83.4416051431 0.948803669238 0.0903466448359 84.8627866092 12.6725757166  18.4734026192 82.8266049015 0.977287280193 0.166857394613
1.9153125 85.4671825633 2.76318892882  3.74423672029 85.3849354731 0.616579761683 0.0205341813662 85.6551911998 5.98216360199  8.55163742767 85.2268138013 0.936963655584 0.088657652255 87.0295679529 12.852461033  18.9850717996 84.9327201121 0.947826834214 0.163355564722
1.9471875 87.0349849292 2.78090336819  3.60460397176 86.9601253465 0.618339805629 0.0208151709207 87.0750847492 6.01428723015  8.50759129094 86.6580744318 0.928079049264 0.0883648771125 88.4637484448 12.8456972941  19.0541482282 86.3864877754 0.917964207042 0.158154613191
1.9790625 88.4863726174 2.80944012321  3.46420657106 88.4183377517 0.621170805424 0.021269888737 88.4680113563 6.04181485489  8.4424403019 88.0638366639 0.915361722971 0.0876147429416 89.9214351629 12.8904480275  19.1937465501 87.8481620324 0.883467512823 0.152562151151
2.0109375 89.7211177862 2.8657583699  3.3475297685 89.6584724377 0.626839809587 0.0221780269229 89.9291592154 6.10745819239  8.43164441314 89.5326487335 0.900729135465 0.0872962555002 91.3907972902 12.9685464596  19.3769538811 89.3121438793 0.843748919688 0.146289794813
2.0428125 90.8601286662 2.90054685019  3.18097970508 90.8042457483 0.629233396734 0.0227040741171 91.3982466995 6.1656592287  8.39708328498 91.011297031 0.879169443435 0.0861383925492 92.8735589539 13.0848177278  19.6114257377 90.7785230422 0.79815991214 0.139199652623
2.0746875 92.0080718056 2.89721454251  2.94131501173 91.9608630761 0.626359231199 0.022558108696 92.2937345407 6.3558120132  8.51014385343 91.9001291133 0.854443316183 0.0866574497673 93.8848664897 12.7962758973  19.0882387475 91.9230476298 0.752935641239 0.129390813778
2.1065625 93.1687445565 2.9443902567  2.77181391087 93.1273182837 0.626617519097 0.0231615415206 93.9434198464 6.59553771428  8.76908579177 93.5328964337 0.816551014495 0.0863101872978 95.4932743535 13.0009138795  19.4646222072 93.4874113499 0.690530550226 0.119921278387
2.1384375 95.5172460708 3.12812213499  2.82828226397 95.4751559507 0.632177834486 0.0256826349441 95.8150812073 6.99479603969  9.28923835128 95.3633638841 0.760474525644 0.0855995708298 97.4069058602 13.9107177923  21.0480454102 95.1044028942 0.608351182389 0.110314347505
2.1703125 97.222065203 3.70171937395  3.47538210255 97.1597661594 0.629861185303 0.032624877406 97.4363164507 7.8754341455  10.5608330839 96.8620738006 0.662081616036 0.0830644064491 98.9854473014 14.5537344646  22.0987438246 96.4851997423 0.512010343073 0.0954428875824
2.2021875 97.8492539569 4.71416566564  4.7950367184 97.7315601965 0.548865995299 0.0389368366766 98.6894511297 9.08066384001  12.3269624154 97.916430686 0.500623768264 0.0703938904424 100.438119146 14.8972033558  22.578875633 97.8649263943 0.398605119953 0.0753430506122
2.2340625 99.605788139 5.9057024279  6.49185530467 99.3939009024 0.34588481416 0.0322459038348 100.189464462 10.2400546639  14.0670881791 99.1969223491 0.281637496118 0.0430233032933 102.05295044 15.7295791017  23.9280859154 99.2050909403 0.227043726891 0.0442799194187
